50
0 13 3 8 16 16 4 18 6 11 2 11 1 18 8 15 15 20 11 12 20 15 20 4 16 11 15 7 0 16 1 3 0 8 16 1 8 7 2 7 17 14 12 13 5 3 11 3 2 13
14 0 14 17 17 14 6 20 0 3 19 16 0 0 17 7 6 17 2 9 12 12 18 10 15 12 18 18 0 2 15 16 6 13 4 19 0 5 13 13 20 13 14 6 5 18 16 13 8 8
1 11 0 3 7 20 18 11 2 2 20 19 1 19 10 8 11 13 4 11 10 6 17 11 20 12 3 9 1 1 15 18 12 13 13 12 17 4 6 10 11 2 13 12 12 9 11 18 15 6
8 8 3 0 7 18 11 8 6 0 9 10 7 10 12 7 12 9 15 7 2 6 20 8 18 15 11 17 8 12 1 8 6 9 16 18 15 14 11 5 9 0 6 5 15 13 6 19 8 13
4 14 0 5 0 20 13 8 9 7 14 9 2 1 3 17 10 10 2 11 7 9 2 16 2 9 9 2 12 4 17 19 4 18 3 7 2 13 2 2 15 7 6 15 11 2 19 0 5 8
15 1 11 7 7 0 6 15 10 5 16 7 16 11 18 10 3 14 0 9 0 10 16 20 0 3 7 13 4 19 14 8 18 14 20 2 14 14 8 20 16 16 17 20 16 19 2 14 1 12
2 12 9 9 3 20 0 4 1 19 19 2 10 14 17 18 16 18 3 0 19 1 18 14 9 14 2 20 19 16 2 0 0 5 5 14 1 1 17 9 2 17 16 7 17 11 20 0 18 19
1 9 4 18 1 5 11 0 16 3 4 19 5 4 5 8 16 0 6 12 10 16 16 12 3 0 13 15 4 17 12 15 5 16 5 8 19 7 18 10 0 1 7 10 8 20 15 17 11 11
18 14 7 5 18 3 18 10 0 11 1 10 5 20 1 11 0 10 4 11 20 11 13 18 12 15 0 13 3 1 12 0 14 10 19 3 12 2 9 5 2 13 2 12 7 12 18 6 9 14
12 3 17 13 16 5 6 11 7 0 9 16 3 9 3 4 0 7 18 15 17 1 4 1 6 6 12 0 4 1 17 18 6 15 7 12 3 10 3 11 6 18 8 4 18 16 2 10 1 16
13 0 2 5 0 1 14 16 18 18 0 9 2 0 8 1 4 16 5 20 18 5 13 9 14 14 9 16 10 14 16 1 2 16 19 20 1 13 4 16 3 12 14 6 5 1 1 6 11 2
4 5 10 17 13 14 5 3 18 20 19 0 16 4 0 1 4 18 5 0 19 2 7 8 16 8 7 5 8 20 11 13 6 20 3 7 4 17 6 6 20 4 14 19 19 5 14 4 13 7
15 8 15 12 12 16 5 7 2 5 16 16 0 12 12 19 12 4 4 3 15 18 0 4 6 13 16 6 15 7 19 13 13 15 20 6 6 17 13 5 1 1 18 15 3 20 17 19 16 12
7 0 20 4 20 8 16 18 8 18 5 15 10 0 4 5 2 5 18 0 20 5 8 13 1 16 15 4 11 5 9 3 9 20 9 9 6 17 1 7 4 10 12 15 11 13 7 14 11 2
12 15 2 7 19 1 14 14 3 11 6 9 6 6 0 18 7 4 2 11 2 10 14 5 15 19 20 11 15 5 10 11 0 2 20 19 0 10 20 17 3 13 15 4 15 17 10 0 9 3
17 17 17 1 19 12 0 0 6 12 13 6 13 9 5 0 10 20 15 6 9 12 14 9 19 20 8 4 19 3 12 18 2 6 20 17 1 0 20 18 19 3 19 0 10 0 1 7 16 18
5 13 10 13 9 15 16 8 2 20 5 11 11 5 8 10 0 16 9 4 20 1 11 0 12 9 17 11 18 20 11 8 12 10 16 0 20 3 15 17 18 18 18 15 11 10 10 19 8 4
2 7 11 8 8 13 15 19 0 16 1 11 17 16 11 7 2 0 15 17 1 17 14 3 5 2 14 13 19 7 13 5 7 16 16 4 10 17 1 15 16 0 4 13 8 12 0 17 7 10
15 4 19 17 3 0 10 16 20 0 8 18 18 13 9 1 18 9 0 12 19 20 20 11 10 12 9 13 2 4 8 20 10 4 18 16 16 11 19 3 2 3 7 3 4 4 10 13 9 0
11 18 12 1 14 20 10 17 11 4 5 11 3 3 1 5 16 13 20 0 14 7 4 0 12 16 5 6 15 2 7 20 11 20 13 14 4 12 4 9 2 2 2 9 15 20 7 0 19 0
20 10 13 1 14 16 19 7 10 10 18 11 9 8 5 8 2 11 19 15 0 3 18 17 0 20 14 1 8 15 4 15 3 11 15 12 11 17 13 11 11 1 11 4 0 18 2 15 5 2
5 20 5 0 9 15 6 12 14 7 15 20 9 14 8 8 20 8 19 18 5 0 6 9 3 16 15 16 3 13 2 8 13 10 20 18 6 11 19 18 18 7 16 4 18 12 14 4 15 6
7 4 8 13 14 15 8 3 1 19 20 14 14 6 20 1 4 20 15 8 20 10 0 9 9 0 18 12 1 3 0 3 3 19 14 3 10 1 4 11 4 13 18 3 16 18 8 2 0 7
13 14 8 4 6 18 3 4 2 3 17 9 0 17 13 12 18 19 10 18 9 20 8 0 18 13 16 14 2 10 8 5 8 0 2 5 11 4 19 10 0 5 2 4 19 9 13 11 13 18
17 9 10 2 2 10 19 9 10 20 11 20 6 19 15 11 9 9 6 9 2 17 9 19 0 15 11 6 19 4 12 20 1 5 1 14 13 0 9 11 2 5 1 0 15 2 20 17 0 10
15 9 18 3 14 17 2 3 7 5 13 14 2 9 1 14 9 15 11 2 11 11 14 5 13 0 0 9 16 18 20 10 8 18 1 0 12 2 12 17 7 4 3 4 9 8 12 7 9 16
4 15 15 10 6 20 4 7 6 10 5 17 15 15 2 10 19 9 14 4 12 7 17 0 1 1 0 10 8 14 13 0 6 2 19 10 4 16 12 19 18 14 10 19 5 3 18 18 10 11
4 1 0 17 6 14 3 20 8 13 14 14 2 6 17 4 9 14 16 17 4 7 9 9 18 8 13 0 5 17 18 3 16 7 9 0 14 19 12 7 8 11 4 17 2 19 5 9 6 8
9 6 3 13 4 10 0 9 5 2 6 12 4 16 9 10 12 8 8 5 17 16 2 8 14 11 14 4 0 16 19 9 5 6 17 7 20 3 8 2 1 11 3 11 2 14 2 15 3 6
5 12 4 4 0 9 16 1 19 4 16 19 15 8 10 6 1 15 16 2 15 11 11 7 15 5 14 8 6 0 18 11 14 7 7 17 10 11 13 3 13 14 18 20 7 13 14 6 6 5
0 3 17 19 1 20 8 13 20 2 13 12 18 14 3 13 10 7 15 17 17 4 5 1 14 2 8 17 1 1 0 12 8 2 19 19 19 9 18 4 8 0 11 3 3 13 0 2 7 13
11 13 20 15 9 7 16 7 11 5 6 4 7 19 4 20 7 18 11 0 17 6 12 10 8 15 4 7 18 0 20 0 6 17 4 13 20 0 10 16 3 4 15 10 13 12 18 7 6 15
18 14 19 0 10 17 13 10 8 11 17 16 15 13 9 7 6 14 11 14 7 4 12 1 2 14 17 5 2 10 12 5 0 10 0 6 4 14 20 8 13 10 13 6 1 7 2 7 19 9
18 4 8 17 15 13 8 19 18 3 19 16 4 13 19 15 14 19 14 9 7 17 6 16 8 20 18 13 3 5 1 15 10 0 2 18 14 20 16 9 6 17 17 13 18 2 14 11 19 12
13 9 14 7 11 11 6 5 0 4 6 7 13 20 14 6 3 2 1 9 14 13 19 12 14 11 0 12 18 5 8 8 1 2 0 19 1 6 15 2 14 16 19 3 10 16 7 7 0 11
9 19 6 9 1 9 11 1 18 11 17 17 18 1 3 16 16 13 8 11 20 18 6 2 5 3 1 6 0 15 2 13 8 11 9 0 12 16 12 12 8 18 16 11 12 10 19 18 9 13
7 11 12 17 4 3 19 2 14 18 2 10 1 17 13 10 2 0 16 3 19 2 5 11 17 5 7 12 3 6 7 16 8 7 15 15 0 14 9 17 2 18 13 4 3 1 2 6 7 2
1 19 15 16 3 12 10 12 6 13 11 16 2 13 16 8 6 0 16 3 20 6 9 8 3 17 16 5 6 17 16 20 5 5 19 19 8 0 4 11 2 19 9 10 16 15 7 14 0 18
1 12 0 5 15 1 9 3 15 14 15 6 15 10 1 15 2 1 2 9 18 10 18 18 10 3 6 11 12 14 5 13 12 20 5 13 3 10 0 10 12 16 16 8 5 20 11 5 20 14
3 20 13 8 1 9 6 0 3 16 12 1 3 15 14 0 15 1 2 10 19 13 13 11 17 5 19 7 12 5 13 13 2 9 8 14 17 13 10 0 7 18 14 6 11 10 17 0 17 2
16 13 15 16 0 16 3 17 10 4 5 4 2 4 7 2 18 4 12 0 5 18 12 15 17 15 5 10 11 5 4 4 11 8 9 18 5 16 7 3 0 15 12 9 15 14 2 15 0 3
10 9 14 9 19 12 3 16 17 17 19 5 20 18 14 0 2 13 8 20 12 16 7 16 14 7 6 6 0 13 18 12 11 0 16 6 20 19 19 0 3 0 20 16 16 2 11 3 12 13
4 1 8 1 12 18 17 6 17 19 15 13 8 19 6 7 14 6 12 17 15 11 12 16 10 10 7 2 11 7 12 20 13 11 6 1 13 15 17 18 15 7 0 18 1 16 1 1 1 10
1 5 14 20 18 5 4 6 0 11 14 8 8 19 16 3 18 7 2 17 14 1 6 14 17 8 9 7 14 17 13 0 14 10 14 17 4 3 3 0 16 17 2 0 15 17 2 8 14 4
2 6 6 16 0 20 20 12 0 11 6 0 7 17 13 13 8 20 4 7 19 13 3 4 11 0 14 3 4 18 20 6 19 9 8 6 12 0 13 11 7 15 10 17 0 1 11 15 19 11
16 8 12 12 17 14 18 14 4 15 17 7 9 10 2 7 20 0 7 2 9 13 12 14 16 5 9 3 7 15 15 4 12 20 7 5 4 9 10 7 4 7 19 2 7 0 10 17 14 10
13 20 18 5 6 15 20 13 12 1 2 20 2 15 15 10 4 16 17 18 20 15 0 3 14 1 9 9 8 14 2 1 20 20 3 19 12 19 19 13 5 6 15 13 2 9 0 12 15 17
14 4 1 20 3 12 0 4 7 0 9 20 15 5 17 19 6 8 2 14 7 4 14 5 19 3 6 11 16 8 0 15 3 17 2 15 3 6 20 18 19 3 17 10 0 19 16 0 4 18
11 3 8 13 12 3 0 8 19 9 0 4 12 4 15 13 7 12 14 8 13 2 18 18 0 12 14 9 16 19 4 0 12 18 7 7 15 12 7 10 17 5 20 9 9 1 2 5 0 20
16 6 5 13 6 3 5 0 0 4 8 15 0 4 11 18 9 18 15 3 6 6 20 2 5 12 2 5 17 20 18 20 0 11 9 1 11 13 12 18 14 3 17 5 0 16 19 14 19 0 